15.31126
15.31805
15.31493
15.31192
15.30965
15.24862
15.29553
15.29564
15.29774
15.29852
15.30087
15.30129
15.30170
15.30167
15.30173
15.30183
15.30173
15.30169
15.30182
15.30177
15.30189
15.30176
15.30170
15.30176
15.30172
15.30155
15.30175
15.30173
15.30187
15.30173
15.30165
15.30172
15.30192
15.30169
15.30159
15.30170
15.30175
15.30177
15.30177
15.30176
15.30146
15.30159
15.30173
15.30166
15.30165
15.30172
15.30171
15.30173
15.30164
15.30161
15.30162
15.30168
15.30167
15.30159
15.30175
15.30178
15.30165
15.30163
15.30182
15.30170
15.30172
15.30167
15.30163
15.30165
15.30179
15.30171
15.30175
15.30171
15.30169
15.30194
15.30175
15.30177
15.30175
15.30166
15.30169
15.30180
15.30174
15.30178
15.30175
15.30174
