15.31126
15.31805
15.31493
15.31192
15.30965
15.30820
15.30703
15.30614
15.30546
15.30478
15.30432
15.30392
15.30370
15.30347
15.30318
15.30303
15.30287
15.30270
15.30249
15.30245
15.30232
15.30227
15.30215
15.30212
15.30206
15.30203
15.30202
15.30190
15.30191
15.30190
15.30185
15.30190
15.30188
15.30190
15.30185
15.30188
15.30183
15.30179
15.30178
15.30185
15.30178
15.30188
15.30177
15.30176
15.30179
15.30173
15.30184
15.30178
15.30175
15.30172
15.30173
15.30173
15.30171
15.30172
15.30170
15.30183
15.30170
15.30177
15.30174
15.30166
15.30165
15.30166
15.30175
15.30171
15.30164
15.30174
15.30169
15.30185
15.30170
15.30168
15.30171
15.30174
15.30175
15.30168
15.30166
15.30166
15.30174
15.30169
15.30167
15.30168
